var S0, S1, S2, S3
ext S4

J0: S2 -> S3; kc0*S2
J1: S4 + S0 -> S1; kc1*S4*S0
J2: S1 -> S2; kc2*S1
J3: S3 -> S0; kc3*S3

kc0 = 50.752009627245606
kc1 = 15.700638238480376
kc2 = 0.03769536764574476
kc3 = 0.8548242418053082

S4 = 3.1724184019047352

S0 = 0.15003638008118214
S1 = 7.1858714923987455
S2 = 3.687681610947071
S3 = 4.277798360069597
